8
38
99
96
30
55
11
35
29
59
91
87
42
29
31
47
16
82
84
63
86
48
11
70
3
88
71
6
43
19
66
49
56
51
40
2
94
49
56
39
16
37
16
20
40
60
62
35
24
7
34
65
28
54
20
28
79
21
8
82
79
64
90
47
63
86
95
1
37
59
95
26
19
82
37
82
21
1
21
47
23
13
77
56
61
37
85
72
47
83
11
36
36
36
32
9
44
56
79
44
93
85
99
100
35
47
54
38
93
44
49
34
89
2
3
9
26
26
79
40
1
51
49
35
13
57
50
85
74
91
21
49
32
8
79
4
80
7
18
34
3
90
31
42
18
89
59
68
6
85
7
63
11
83
47
50
78
21
41
17
54
54
86
46
89
48
72
70
88
73
80
27
62
76
77
67
50
3
3
67
76
56
47
93
100
97
40
10
90
38
23
2
23
54
90
20
19
13
77
88
62
4
9
93
58
46
88
43
69
27
56
33
49
98
84
94
72
20
17
28
7
87
71
80
32
16
13
26
62
67
35
67
48
23
99
70
66
2
22
11
87
53
14
9
14
29
92
30
72
95
3
44
64
85
36
71
25
44
78
78
95
1
49
70
66
22
13
77
20
49
86
44
20
41
78
77
65
82
74
39
15
96
83
42
42
47
75
30
42
20
84
72
42
91
12
77
57
26
39
31
46
81
100
78
43
55
26
88
26
70
63
76
50
33
20
81
44
26
39
3
89
41
13
9
30
100
82
4
80
27
23
37
61
43
15
10
65
43
16
8
65
78
42
9
14
41
55
54
10
97
93
3
24
71
85
31
33
4
66
89
35
81
25
62
53
78
30
72
19
29
24
48
39
21
4
47
31
30
10
87
34
18
1
86
41
23
66
55
84
38
97
40
80
67
13
44
72
79
89
1
55
17
17
44
7
41
31
54
12
94
5
98
97
96
5
86
82
56
80
83
10
13
18
64
19
18
57
53
73
8
81
69
4
43
36
53
19
60
68
68
56
10
40
60
87
29
20
56
57
55
76
24
18
28
16
58
64
9
91
94
20
82
20
67
47
59
22
80
25
20
67
4
9
99
23
74
9
34
53
34
16
3
15
19
19
3
25
60
36
82
90
75
71
97
57
97
95
75
14
17
8
66
72
48
49
21
1
64
46
9
81
79
73
35
67
100
82
99
16
50
57
39
53
70
2
2
79
69
31
1
94
95
34
72
35
84
77
71
89
99
50
52
9
24
6
32
89
75
34
8
55
16
67
91
3
91
77
100
65
99
65
63
93
80
23
89
23
90
43
19
30
66
65
97
25
82
78
86
11
91
34
98
100
38
29
44
34
95
53
17
65
63
99
21
66
14
47
24
82
83
36
77
53
74
96
71
56
68
89
66
13
85
31
29
70
16
34
14
72
38
4
81
5
64
6
35
25
19
35
73
3
13
11
19
51
89
68
70
20
54
90
15
71
19
36
5
66
40
63
81
56
43
53
3
80
99
74
19
75
69
33
50
14
16
9
2
17
18
33
10
87
17
71
61
59
31
86
45
78
100
28
13
34
63
47
71
58
19
83
71
70
97
73
11
73
17
8
5
79
45
35
70
37
73
66
70
58
8
87
98
10
39
66
90
74
56
36
33
12
67
22
77
59
64
9
69
37
18
37
44
88
78
65
8
66
63
38
31
43
93
17
54
67
13
91
27
89
75
36
82
22
12
95
88
24
46
37
100
6
26
63
79
97
54
76
14
74
23
27
89
11
62
16
73
38
85
5
98
8
33
51
59
61
71
49
77
42
68
24
94
85
84
46
57
10
57
59
50
55
5
41
15
57
18
12
98
27
4
29
73
2
19
37
42
39
42
19
46
72
35
14
13
70
74
86
39
98
27
73
17
96
68
81
97
53
8
73
4
30
99
55
84
73
72
8
36
78
11
49
96
82
20
41
32
91
72
99
76
88
76
74
6
8
62
29
55
20
100
74
94
19
30
77
9
60
32
33
58
99
54
21
30
96
93
84
20
37
3
99
35
75
86
4
29
95
8
11
46
69
20
11
90
7
68
74
31
16
27
83
85
36
69
46
24
9
46
15
23
69
87
38
70
7
30
68
91
37
69
31
1
76
100
77
59
58
40
22
64
78
62
65
24
69
12
97
49
8
73
56
34
92
64
62
23
29
88
10
75
13
61
54
56
71
64
79
28
12
29
20
54
60
42
9
70
71
19
100
74
76
6
76
79
35
37
58
29
12
92
71
6
37
66
37
96
5
10
25
18
88
12
92
34
20
34
36
2
53
36
12
37
96
77
95
61
83
69
40
4
14
95
56
90
7
72
77
54
83
93
26
37
65
97
40
28
38
2
7
95
84
99
82
21
10
75
98
60
79
80
64
88
50
1
72
16
88
92
13
54
54
89
90
90
39
37
6
74
31
58
36
29
7
13
82
88
50
77
36
94
39
75
74
55
62
14
67
58
57
3
45
62
87
8
52
67
79
99
16
44
18
36
67
86
72
73
91
21
65
35
41
49
64
3
99
56
61
99
37
68
45
26
37
3
92
11
65
72
78
97
94
38
21
31
41
2
11
77
93
44
11
98
64
25
24
49
77
93
39
28
87
6
96
16
81
60
33
54
47
58
25
80
61
54
3
54
87
17
66
39
70
52
83
59
39
47
65
62
72
42
30
34
74
81
49
47
33
6
88
63
23
89
95
21
45
70
7
3
57
67
62
21
52
7
24
19
56
76
74
66
29
69
20
93
25
91
9
65
15
33
37
1
24
45
77
24
59
88
27
23
28
56
89
29
6
35
56
57
2
86
57
79
68
96
29
37
6
44
46
80
20
22
14
8
79
60
49
42
36
97
72
95
66
98
83
30
69
76
8
59
60
76
12
98
87
41
99
29
15
69
92
79
14
60
39
39
9
46
37
7
83
2
30
81
59
29
79
87
37
90
4
89
16
82
68
86
34
24
33
70
92
95
26
58
40
4
88
36
29
27
61
50
56
8
53
86
8
68
45
5
99
70
74
20
52
99
64
82
82
23
13
35
6
73
7
27
74
58
46
8
91
67
71
27
43
56
21
56
59
33
4
17
19
41
49
18
51
96
32
66
31
62
33
85
86
43
64
62
64
64
65
65
86
24
33
57
21
49
13
69
14
51
24
62
45
26
55
67
63
8
98
20
82
12
5
39
32
60
17
7
100
86
10
97
38
64
45
39
33
7
66
7
33
85
41
65
36
76
2
3
37
46
33
23
11
35
93
61
23
23
28
10
50
67
45
21
8
17
41
49
71
60
60
41
26
47
88
98
39
93
62
16
61
64
13
58
96
87
18
3
90
7
97
47
15
44
30
94
75
18
31
82
30
76
94
63
25
24
10
64
49
78
2
80
77
47
67
23
21
59
11
85
72
33
89
60
15
42
74
47
21
46
45
62
72
29
1
74
84
48
6
21
94
19
35
92
62
1
40
25
61
18
61
36
74
58
77
85
90
19
44
27
8
16
31
96
73
43
95
44
84
60
80
27
57
39
27
90
82
32
44
38
96
7
71
2
83
72
3
47
71
72
62
60
100
53
93
7
2
17
32
8
83
73
63
68
21
90
40
49
86
20
19
63
30
23
37
20
22
33
31
99
97
90
33
11
65
92
48
52
18
34
69
76
16
60
1
34
43
45
40
7
44
72
2
22
90
12
94
66
15
79
64
10
89
5
35
25
42
45
22
39
38
56
79
40
82
22
63
12
74
51
90
26
18
12
78
83
15
89
58
41
61
26
73
58
49
94
91
26
89
47
39
87
37
70
15
51
54
57
14
65
88
98
39
86
12
3
94
8
95
88
63
33
89
8
41
51
88
70
87
91
30
44
1
40
95
76
62
82
74
31
25
14
11
61
39
41
45
57
77
1
87
64
18
24
21
99
12
94
7
63
30
76
74
32
74
66
84
57
52
11
58
93
63
61
71
11
77
9
99
22
88
82
86
12
46
63
44
74
5
19
86
73
96
41
35
78
56
97
69
92
50
97
16
64
8
61
74
29
6
63
42
3
88
1
6
30
30
4
76
31
43
67
31
49
85
55
14
79
73
93
37
47
60
86
86
28
33
15
9
79
48
24
94
5
83
73
56
56
11
1
70
4
26
75
39
95
93
55
82
75
19
21
49
52
8
75
19
74
74
53
98
80
44
44
48
58
33
54
64
8
45
11
39
66
86
65
87
93
57
100
25
50
65
77
18
45
69
48
73
75
92
53
64
6
80
39
62
1
9
94
91
16
10
45
52
63
79
57
63
46
83
75
33
88
24
48
55
72
61
94
97
2
55
94
57
6
27
32
91
60
54
80
63
75
11
73
4
74
18
21
77
92
50
10
35
43
40
73
95
75
52
60
78
90
79
5
58
58
76
38
74
66
46
36
7
50
31
78
89
33
75
30
49
99
61
40
84
23
40
34
78
2
50
98
50
60
34
26
58
12
84
52
42
60
85
45
10
81
3
39
96
28
26
74
1
20
36
19
45
42
90
68
96
42
5
84
49
78
71
51

